Running K-Means Implementations on /proj/cse375-475/exchange/datasets/dataset_100000.txt


===== Running kmcuda on /proj/cse375-475/exchange/datasets/dataset_100000.txt =====
Break in iteration 498

Cluster 1
Cluster values: 38.792 65.6276 56.9516 36.1149 44.3306 39.8779 51.7565 69.2893 33.2842 59.0132 38.2276 44.7621 55.6791 63.646 51.5239 32.168 69.0833 59.5505 42.6421 44.9552 45.4081 63.005 45.752 66.2855 55.0669 

Cluster 2
Cluster values: 65.1713 43.985 41.2493 51.6429 37.5732 55.9773 38.3704 32.4115 41.2607 31.8522 58.4574 35.8619 54.5115 39.3442 55.4941 34.7137 44.8241 47.7618 52.4448 56.9045 42.3423 67.3976 32.493 60.7973 34.3548 

Cluster 3
Cluster values: 38.8237 49.6829 33.4022 69.5678 41.3953 64.2518 62.2676 52.3056 54.021 67.2277 44.2384 68.0281 42.2694 59.5148 48.4173 48.1646 49.6492 34.9392 42.3902 55.6687 64.0346 67.7477 38.5079 48.6467 36.5714 

Cluster 4
Cluster values: 49.6532 61.6611 67.9788 40.2577 50.237 59.2254 43.1792 30.1381 50.1443 56.0641 42.3911 59.4162 54.5435 32.9994 32.3871 66.5275 48.8988 46.5927 43.9057 54.7211 61.9029 47.5916 36.9835 67.5789 69.2907 

Cluster 5
Cluster values: 55.5501 40.0787 41.829 37.8978 61.9304 32.1791 59.9009 34.1003 65.1693 56.0344 33.7088 54.769 42.2379 45.5079 36.3185 36.5372 66.2555 47.3865 64.7675 58.5644 47.7203 37.3536 47.52 39.4299 34.6112 

Cluster 6
Cluster values: 59.9162 44.5712 61.1135 35.8769 34.8852 36.7923 63.547 66.3255 55.2519 35.6443 61.1967 62.5162 62.6032 62.707 55.3217 65.4703 49.4938 45.5107 59.6262 63.7162 54.2697 63.0214 41.6681 37.006 58.5291 

Cluster 7
Cluster values: 46.5679 67.5896 36.5039 56.656 61.2049 54.3793 38.4456 65.5187 68.4963 42.6967 64.8499 57.49 61.4848 46.8787 55.8744 59.093 62.5093 37.597 55.4811 59.9918 36.9176 33.2501 49.9795 66.561 42.2826 

Cluster 8
Cluster values: 35.4644 39.2378 57.0034 64.5869 37.1281 35.3608 63.6085 56.5186 69.7706 58.9342 60.977 38.5157 58.0263 36.0179 57.0014 39.4718 41.4938 65.734 52.2123 37.362 58.7146 35.0994 40.9262 57.3258 54.6201 

Cluster 9
Cluster values: 66.5917 63.7824 55.6151 54.4666 59.147 40.0592 55.3105 45.7432 33.8966 68.5499 56.6141 33.7307 64.5535 55.9245 50.8016 51.0145 45.4156 33.4246 31.9889 45.1659 57.3309 34.2474 47.4992 35.5338 35.6094 

Cluster 10
Cluster values: 53.7596 49.2354 60.7156 70.581 62.7679 38.9423 54.8518 31.3131 35.4522 57.7463 62.6965 66.6136 47.0098 47.1201 57.7629 41.7805 55.9503 53.2562 61.4647 54.6396 45.4541 63.5035 69.6982 54.5427 68.2357 

Cluster 11
Cluster values: 34.1052 29.923 64.0856 45.9743 36.612 57.0901 35.7405 50.9829 34.6844 65.4034 50.3936 38.4347 40.3574 52.1795 55.2892 67.5443 58.1116 43.8998 55.6961 59.8137 41.8808 36.1884 62.6456 59.7896 35.7786 

Cluster 12
Cluster values: 64.7006 58.1653 63.5772 61.7078 35.0254 67.6155 42.8056 51.0424 63.4455 42.6178 36.256 47.6568 37.9129 63.014 52.0058 32.1171 45.112 43.2446 47.4129 56.3152 45.8179 28.5633 55.3585 41.8034 66.6671 

Cluster 13
Cluster values: 42.7922 46.6841 66.7744 59.8288 59.9165 66.8891 59.8829 41.6227 62.8114 34.3095 53.1686 37.2645 57.8522 57.0975 34.5948 59.92 62.7364 57.5668 43.6367 35.9583 43.0875 67.1296 62.7869 41.8264 36.6704 

Cluster 14
Cluster values: 58.7368 37.5573 35.4732 45.5784 40.5581 43.642 54.4099 37.9825 43.8962 36.4539 34.8297 71.1243 62.7733 57.5432 57.9847 57.6485 41.6178 56.2147 39.7548 30.8869 50.2139 34.7889 64.7097 63.9191 46.0874 

Cluster 15
Cluster values: 65.9018 55.5926 52.5027 58.0365 62.4806 38.0215 34.8671 67.5603 62.6759 51.8137 34.6423 40.3929 35.5662 52.6067 55.5246 63.9604 35.4353 61.315 62.9517 42.0587 60.1221 65.3675 52.3428 59.6999 40.2569 

Cluster 16
Cluster values: 41.1588 63.3398 31.5986 33.5136 55.8557 60.0548 59.8774 31.2402 58.9621 63.9875 49.9567 34.9684 50.0806 60.1534 63.6957 59.9466 34.5584 61.4676 54.1525 57.3173 37.2605 58.3971 52.4009 42.27 62.9736 

Cluster 17
Cluster values: 33.3471 57.7215 63.6518 36.2214 61.7342 57.1125 38.4282 50.4508 39.5822 38.6276 61.3444 71.0992 39.4747 48.3673 52.9814 40.1085 39.0278 61.1435 50.62 45.6184 63.3982 38.7731 45.507 33.4288 33.4095 

Cluster 18
Cluster values: 34.1709 56.4991 31.9305 59.7399 42.0085 38.7163 45.1642 48.6146 37.7223 30.6244 45.2517 35.2395 36.9491 41.6902 51.5859 61.8248 64.6021 39.5215 51.6662 39.8142 58.4371 48.9786 47.1811 31.9962 67.4385 

Cluster 19
Cluster values: 54.2897 36.5454 44.8956 37.0024 52.4629 52.9616 31.8086 64.9381 57.249 65.1958 53.1512 58.0421 54.5663 34.3653 42.3747 37.0797 43.0188 40.285 40.4599 36.4588 36.5537 66.5072 57.8714 33.9823 63.1041 

Cluster 20
Cluster values: 59.1679 34.61 34.9702 46.9921 64.0821 60.4317 67.7035 71.5908 32.6123 40.9701 55.0214 40.5639 44.3614 43.0566 36.1502 47.6606 42.9663 62.6468 44.4145 65.7856 50.7736 38.6305 50.9561 61.0509 59.2285 

TOTAL EXECUTION TIME = 8263314 µs
TIME PHASE 1 = 0 µs
TIME PHASE 2 = 8263314 µs
KMCUDA, AVERAGE TIME PER ITERATION = 16593 µs
PHASE 2 THROUGHPUT = 6.02664e+06 points per second
PHASE 2 LATENCY = 0.16593 µs per point
kmcuda Execution Completed!

===== Running parallel on /proj/cse375-475/exchange/datasets/dataset_100000.txt =====
Break in iteration 534

Cluster 1
Cluster values: 62.9939 40.7289 35.9341 33.4456 57.2531 63.9099 52.8034 29.0314 37.5413 39.6366 56.5617 39.7962 57.0938 33.6133 46.7713 38.3242 49.4928 53.4666 38.9818 44.772 42.0205 57.9006 39.3639 35.9613 32.2182 

Cluster 2
Cluster values: 52.0662 43.4954 44.5363 38.8933 61.2747 45.8405 55.5771 68.6698 45.0506 39.4138 50.1392 36.6347 65.9493 42.1315 40.8212 68.4019 36.2538 30.2636 61.9146 64.3881 51.9909 34.4278 39.2789 62.9601 51.2242 

Cluster 3
Cluster values: 51.1059 39.5897 53.909 58.3147 33.1464 68.3261 46.5242 36.1516 53.3001 34.4494 43.3486 69.9409 61.5818 34.4033 55.3141 53.0116 35.5359 56.1831 41.0309 49.9712 61.6963 34.8137 59.4094 55.9024 67.4747 

Cluster 4
Cluster values: 59.1589 40.0803 36.194 60.7227 69.2992 41.1908 56.1392 51.0565 36.2586 41.8183 49.9643 55.5564 55.7593 68.1434 69.2952 59.0538 61.2035 65.8136 66.2302 45.4359 65.3161 54.4718 46.1237 43.0235 62.9298 

Cluster 5
Cluster values: 36.4467 50.7056 63.3508 59.5518 51.5377 32.9411 49.3792 67.9385 38.4852 54.7584 58.9205 45.2169 58.4931 34.0015 57.4709 32.4617 35.7172 55.9913 43.5403 37.5389 39.0862 60.9162 42.8913 34.4511 65.4621 

Cluster 6
Cluster values: 38.0705 41.7934 35.7787 57.3341 40.2137 67.9208 44.3965 55.9621 32.2548 65.8501 48.6738 49.605 44.0203 64.8923 44.2812 45.5623 38.6779 70.0695 62.1601 50.622 33.9111 36.8257 44.3388 60.4883 38.7796 

Cluster 7
Cluster values: 50.8738 59.9639 34.9532 49.0115 59.2289 59.5025 50.2306 50.1121 65.1304 62.9562 49.7017 53.1055 33.9229 36.5954 36.3529 31.8594 58.9617 37.3714 66.3042 44.1186 63.77 33.5728 39.307 46.2099 66.5669 

Cluster 8
Cluster values: 55.7161 50.3913 38.8466 63.3731 30.5226 32.9292 52.4441 52.5213 65.2836 33.173 50.3893 39.988 41.9156 58.3374 66.3842 35.9847 46.8845 38.1575 54.8973 58.3706 43.1958 32.7822 61.3554 40.0803 36.6553 

Cluster 9
Cluster values: 63.1842 38.1724 61.1925 32.6691 34.6614 58.7983 54.6107 70.0361 41.2094 40.7161 41.7009 38.718 32.5768 44.7403 47.0785 49.1202 62.9793 57.9573 56.7962 48.8544 44.283 68.2443 64.8787 58.2269 61.098 

Cluster 10
Cluster values: 35.4633 35.9824 43.9191 64.1999 66.2327 39.6346 56.9847 31.4219 65.9751 44.5421 40.2804 32.5473 40.4711 56.8383 36.6802 53.2408 50.7039 50.6668 32.3521 52.8359 42.2166 61.9036 56.0835 58.9203 63.63 

Cluster 11
Cluster values: 58.4927 51.2855 65.9193 49.4594 55.771 57.8818 48.7854 44.0091 29.2341 68.9796 47.3723 42.611 46.0424 67.8873 63.5662 35.2738 47.5118 32.3263 29.843 55.0405 65.4615 41.4931 54.2175 57.3093 47.9066 

Cluster 12
Cluster values: 62.5074 60.0443 56.9438 64.6401 41.5319 44.3692 45.1266 35.3157 66.6856 68.7575 49.0371 34.1874 64.3589 34.8232 57.6081 55.9066 44.3779 61.3542 67.1939 54.0828 58.0235 64.9418 48.2856 62.7889 42.1554 

Cluster 13
Cluster values: 47.3769 63.5193 69.1733 61.2558 57.7127 33.839 44.1845 43.3517 31.5741 41.641 44.5386 52.3173 33.6235 39.192 32.0314 63.5053 56.4808 61.9398 51.0944 50.2978 55.6024 32.1953 55.7421 43.2409 37.2016 

Cluster 14
Cluster values: 42.7939 46.0765 37.5893 35.7828 36.8837 38.8163 45.7823 60.4679 59.0004 61.26 41.7561 62.3586 33.1792 48.7413 56.4861 64.9947 44.5104 52.2842 33.4806 54.8467 69.1868 63.9539 34.7126 39.8663 37.4135 

Cluster 15
Cluster values: 42.1177 59.4844 57.7402 68.1382 42.5625 67.2553 54.3477 62.7618 53.6932 34.3496 43.4549 54.3829 65.2849 66.9157 33.6893 45.9126 60.196 38.2163 48.6443 41.0375 57.0757 67.9655 38.396 46.387 37.0122 

Cluster 16
Cluster values: 48.1066 61.5074 38.5483 41.9422 32.1992 28.3406 56.0341 33.1936 34.5608 56.1621 56.2721 66.0583 60.1411 55.7454 35.6715 51.0508 56.6576 36.6958 56.4329 57.8558 38.887 61.5334 59.0479 51.3095 63.5714 

Cluster 17
Cluster values: 54.7419 40.534 57.7651 33.4841 61.5505 34.306 49.4247 61.5873 68.7669 60.2886 52.6705 65.0511 67.4781 53.9252 39.8169 37.9962 57.3874 62.8501 39.9163 41.386 48.736 36.9175 59.4671 62.7293 35.7869 

Cluster 18
Cluster values: 59.6258 63.1536 38.3103 64.948 64.252 66.8088 46.941 65.5941 53.6505 62.5119 59.8222 60.1217 46.7366 37.9749 60.1538 69.5576 59.0344 41.2497 33.6081 52.3652 33.5877 51.939 64.4693 49.4738 49.2018 

Cluster 19
Cluster values: 33.5099 49.8586 66.2694 33.6812 66.2267 58.221 43.0217 40.7624 59.8435 42.3253 52.8309 66.9769 39.4432 52.1266 66.6525 47.2415 42.1234 38.1502 70.9796 54.9616 40.958 65.5159 54.9103 54.6357 41.0885 

Cluster 20
Cluster values: 42.9926 64.4651 62.9987 30.5766 40.2091 60.15 49.608 40.5034 65.4822 47.5276 61.2313 32.8709 54.5056 67.3036 56.501 65.3588 56.1945 57.4594 43.7359 43.4801 45.0872 34.9768 39.93 38.824 65.3989 

TOTAL EXECUTION TIME = 1659024 µs
TIME PHASE 1 = 16 µs
TIME PHASE 2 = 1659008 µs
PARALLEL, AVERAGE TIME PER ITERATION = 3106.76 µs
PHASE 2 THROUGHPUT = 3.21879e+07 points per second
PHASE 2 LATENCY = 0.0310676 µs per point
parallel Execution Completed!

===== Running a-parallel on /proj/cse375-475/exchange/datasets/dataset_100000.txt =====
Break in iteration 534

Cluster 1
Cluster values: 62.9939 40.7289 35.9341 33.4456 57.2531 63.9099 52.8034 29.0314 37.5413 39.6366 56.5617 39.7962 57.0938 33.6133 46.7713 38.3242 49.4928 53.4666 38.9818 44.772 42.0205 57.9006 39.3639 35.9613 32.2182 

Cluster 2
Cluster values: 52.0662 43.4954 44.5363 38.8933 61.2747 45.8405 55.5771 68.6698 45.0506 39.4138 50.1392 36.6347 65.9493 42.1315 40.8212 68.4019 36.2538 30.2636 61.9146 64.3881 51.9909 34.4278 39.2789 62.9601 51.2242 

Cluster 3
Cluster values: 51.1059 39.5897 53.909 58.3147 33.1464 68.3261 46.5242 36.1516 53.3001 34.4494 43.3486 69.9409 61.5818 34.4033 55.3141 53.0116 35.5359 56.1831 41.0309 49.9712 61.6963 34.8137 59.4094 55.9024 67.4747 

Cluster 4
Cluster values: 59.1589 40.0803 36.194 60.7227 69.2992 41.1908 56.1392 51.0565 36.2586 41.8183 49.9643 55.5564 55.7593 68.1434 69.2952 59.0538 61.2035 65.8136 66.2302 45.4359 65.3161 54.4718 46.1237 43.0235 62.9298 

Cluster 5
Cluster values: 36.4467 50.7056 63.3508 59.5518 51.5377 32.9411 49.3792 67.9385 38.4852 54.7584 58.9205 45.2169 58.4931 34.0015 57.4709 32.4617 35.7172 55.9913 43.5403 37.5389 39.0862 60.9162 42.8913 34.4511 65.4621 

Cluster 6
Cluster values: 38.0705 41.7934 35.7787 57.3341 40.2137 67.9208 44.3965 55.9621 32.2548 65.8501 48.6738 49.605 44.0203 64.8923 44.2812 45.5623 38.6779 70.0695 62.1601 50.622 33.9111 36.8257 44.3388 60.4883 38.7796 

Cluster 7
Cluster values: 50.8738 59.9639 34.9532 49.0115 59.2289 59.5025 50.2306 50.1121 65.1304 62.9562 49.7017 53.1055 33.9229 36.5954 36.3529 31.8594 58.9617 37.3714 66.3042 44.1186 63.77 33.5728 39.307 46.2099 66.5669 

Cluster 8
Cluster values: 55.7161 50.3913 38.8466 63.3731 30.5226 32.9292 52.4441 52.5213 65.2836 33.173 50.3893 39.988 41.9156 58.3374 66.3842 35.9847 46.8845 38.1575 54.8973 58.3706 43.1958 32.7822 61.3554 40.0803 36.6553 

Cluster 9
Cluster values: 63.1842 38.1724 61.1925 32.6691 34.6614 58.7983 54.6107 70.0361 41.2094 40.7161 41.7009 38.718 32.5768 44.7403 47.0785 49.1202 62.9793 57.9573 56.7962 48.8544 44.283 68.2443 64.8787 58.2269 61.098 

Cluster 10
Cluster values: 35.4633 35.9824 43.9191 64.1999 66.2327 39.6346 56.9847 31.4219 65.9751 44.5421 40.2804 32.5473 40.4711 56.8383 36.6802 53.2408 50.7039 50.6668 32.3521 52.8359 42.2166 61.9036 56.0835 58.9203 63.63 

Cluster 11
Cluster values: 58.4927 51.2855 65.9193 49.4594 55.771 57.8818 48.7854 44.0091 29.2341 68.9796 47.3723 42.611 46.0424 67.8873 63.5662 35.2738 47.5118 32.3263 29.843 55.0405 65.4615 41.4931 54.2175 57.3093 47.9066 

Cluster 12
Cluster values: 62.5074 60.0443 56.9438 64.6401 41.5319 44.3692 45.1266 35.3157 66.6856 68.7575 49.0371 34.1874 64.3589 34.8232 57.6081 55.9066 44.3779 61.3542 67.1939 54.0828 58.0235 64.9418 48.2856 62.7889 42.1554 

Cluster 13
Cluster values: 47.3769 63.5193 69.1733 61.2558 57.7127 33.839 44.1845 43.3517 31.5741 41.641 44.5386 52.3173 33.6235 39.192 32.0314 63.5053 56.4808 61.9398 51.0944 50.2978 55.6024 32.1953 55.7421 43.2409 37.2016 

Cluster 14
Cluster values: 42.7939 46.0765 37.5893 35.7828 36.8837 38.8163 45.7823 60.4679 59.0004 61.26 41.7561 62.3586 33.1792 48.7413 56.4861 64.9947 44.5104 52.2842 33.4806 54.8467 69.1868 63.9539 34.7126 39.8663 37.4135 

Cluster 15
Cluster values: 42.1177 59.4844 57.7402 68.1382 42.5625 67.2553 54.3477 62.7618 53.6932 34.3496 43.4549 54.3829 65.2849 66.9157 33.6893 45.9126 60.196 38.2163 48.6443 41.0375 57.0757 67.9655 38.396 46.387 37.0122 

Cluster 16
Cluster values: 48.1066 61.5074 38.5483 41.9422 32.1992 28.3406 56.0341 33.1936 34.5608 56.1621 56.2721 66.0583 60.1411 55.7454 35.6715 51.0508 56.6576 36.6958 56.4329 57.8558 38.887 61.5334 59.0479 51.3095 63.5714 

Cluster 17
Cluster values: 54.7419 40.534 57.7651 33.4841 61.5505 34.306 49.4247 61.5873 68.7669 60.2886 52.6705 65.0511 67.4781 53.9252 39.8169 37.9962 57.3874 62.8501 39.9163 41.386 48.736 36.9175 59.4671 62.7293 35.7869 

Cluster 18
Cluster values: 59.6258 63.1536 38.3103 64.948 64.252 66.8088 46.941 65.5941 53.6505 62.5119 59.8222 60.1217 46.7366 37.9749 60.1538 69.5576 59.0344 41.2497 33.6081 52.3652 33.5877 51.939 64.4693 49.4738 49.2018 

Cluster 19
Cluster values: 33.5099 49.8586 66.2694 33.6812 66.2267 58.221 43.0217 40.7624 59.8435 42.3253 52.8309 66.9769 39.4432 52.1266 66.6525 47.2415 42.1234 38.1502 70.9796 54.9616 40.958 65.5159 54.9103 54.6357 41.0885 

Cluster 20
Cluster values: 42.9926 64.4651 62.9987 30.5766 40.2091 60.15 49.608 40.5034 65.4822 47.5276 61.2313 32.8709 54.5056 67.3036 56.501 65.3588 56.1945 57.4594 43.7359 43.4801 45.0872 34.9768 39.93 38.824 65.3989 

TOTAL EXECUTION TIME = 2126621 µs
TIME PHASE 1 = 16 µs
TIME PHASE 2 = 2126605 µs
A-PARALLEL, AVERAGE TIME PER ITERATION = 3982.41 µs
PHASE 2 THROUGHPUT = 2.51104e+07 points per second
PHASE 2 LATENCY = 0.0398241 µs per point
a-parallel Execution Completed!

===== Running b-parallel on /proj/cse375-475/exchange/datasets/dataset_100000.txt =====
Break in iteration 534

Cluster 1
Cluster values: 62.9939 40.7289 35.9341 33.4456 57.2531 63.9099 52.8034 29.0314 37.5413 39.6366 56.5617 39.7962 57.0938 33.6133 46.7713 38.3242 49.4928 53.4666 38.9818 44.772 42.0205 57.9006 39.3639 35.9613 32.2182 

Cluster 2
Cluster values: 52.0662 43.4954 44.5363 38.8933 61.2747 45.8405 55.5771 68.6698 45.0506 39.4138 50.1392 36.6347 65.9493 42.1315 40.8212 68.4019 36.2538 30.2636 61.9146 64.3881 51.9909 34.4278 39.2789 62.9601 51.2242 

Cluster 3
Cluster values: 51.1059 39.5897 53.909 58.3147 33.1464 68.3261 46.5242 36.1516 53.3001 34.4494 43.3486 69.9409 61.5818 34.4033 55.3141 53.0116 35.5359 56.1831 41.0309 49.9712 61.6963 34.8137 59.4094 55.9024 67.4747 

Cluster 4
Cluster values: 59.1589 40.0803 36.194 60.7227 69.2992 41.1908 56.1392 51.0565 36.2586 41.8183 49.9643 55.5564 55.7593 68.1434 69.2952 59.0538 61.2035 65.8136 66.2302 45.4359 65.3161 54.4718 46.1237 43.0235 62.9298 

Cluster 5
Cluster values: 36.4467 50.7056 63.3508 59.5518 51.5377 32.9411 49.3792 67.9385 38.4852 54.7584 58.9205 45.2169 58.4931 34.0015 57.4709 32.4617 35.7172 55.9913 43.5403 37.5389 39.0862 60.9162 42.8913 34.4511 65.4621 

Cluster 6
Cluster values: 38.0705 41.7934 35.7787 57.3341 40.2137 67.9208 44.3965 55.9621 32.2548 65.8501 48.6738 49.605 44.0203 64.8923 44.2812 45.5623 38.6779 70.0695 62.1601 50.622 33.9111 36.8257 44.3388 60.4883 38.7796 

Cluster 7
Cluster values: 50.8738 59.9639 34.9532 49.0115 59.2289 59.5025 50.2306 50.1121 65.1304 62.9562 49.7017 53.1055 33.9229 36.5954 36.3529 31.8594 58.9617 37.3714 66.3042 44.1186 63.77 33.5728 39.307 46.2099 66.5669 

Cluster 8
Cluster values: 55.7161 50.3913 38.8466 63.3731 30.5226 32.9292 52.4441 52.5213 65.2836 33.173 50.3893 39.988 41.9156 58.3374 66.3842 35.9847 46.8845 38.1575 54.8973 58.3706 43.1958 32.7822 61.3554 40.0803 36.6553 

Cluster 9
Cluster values: 63.1842 38.1724 61.1925 32.6691 34.6614 58.7983 54.6107 70.0361 41.2094 40.7161 41.7009 38.718 32.5768 44.7403 47.0785 49.1202 62.9793 57.9573 56.7962 48.8544 44.283 68.2443 64.8787 58.2269 61.098 

Cluster 10
Cluster values: 35.4633 35.9824 43.9191 64.1999 66.2327 39.6346 56.9847 31.4219 65.9751 44.5421 40.2804 32.5473 40.4711 56.8383 36.6802 53.2408 50.7039 50.6668 32.3521 52.8359 42.2166 61.9036 56.0835 58.9203 63.63 

Cluster 11
Cluster values: 58.4927 51.2855 65.9193 49.4594 55.771 57.8818 48.7854 44.0091 29.2341 68.9796 47.3723 42.611 46.0424 67.8873 63.5662 35.2738 47.5118 32.3263 29.843 55.0405 65.4615 41.4931 54.2175 57.3093 47.9066 

Cluster 12
Cluster values: 62.5074 60.0443 56.9438 64.6401 41.5319 44.3692 45.1266 35.3157 66.6856 68.7575 49.0371 34.1874 64.3589 34.8232 57.6081 55.9066 44.3779 61.3542 67.1939 54.0828 58.0235 64.9418 48.2856 62.7889 42.1554 

Cluster 13
Cluster values: 47.3769 63.5193 69.1733 61.2558 57.7127 33.839 44.1845 43.3517 31.5741 41.641 44.5386 52.3173 33.6235 39.192 32.0314 63.5053 56.4808 61.9398 51.0944 50.2978 55.6024 32.1953 55.7421 43.2409 37.2016 

Cluster 14
Cluster values: 42.7939 46.0765 37.5893 35.7828 36.8837 38.8163 45.7823 60.4679 59.0004 61.26 41.7561 62.3586 33.1792 48.7413 56.4861 64.9947 44.5104 52.2842 33.4806 54.8467 69.1868 63.9539 34.7126 39.8663 37.4135 

Cluster 15
Cluster values: 42.1177 59.4844 57.7402 68.1382 42.5625 67.2553 54.3477 62.7618 53.6932 34.3496 43.4549 54.3829 65.2849 66.9157 33.6893 45.9126 60.196 38.2163 48.6443 41.0375 57.0757 67.9655 38.396 46.387 37.0122 

Cluster 16
Cluster values: 48.1066 61.5074 38.5483 41.9422 32.1992 28.3406 56.0341 33.1936 34.5608 56.1621 56.2721 66.0583 60.1411 55.7454 35.6715 51.0508 56.6576 36.6958 56.4329 57.8558 38.887 61.5334 59.0479 51.3095 63.5714 

Cluster 17
Cluster values: 54.7419 40.534 57.7651 33.4841 61.5505 34.306 49.4247 61.5873 68.7669 60.2886 52.6705 65.0511 67.4781 53.9252 39.8169 37.9962 57.3874 62.8501 39.9163 41.386 48.736 36.9175 59.4671 62.7293 35.7869 

Cluster 18
Cluster values: 59.6258 63.1536 38.3103 64.948 64.252 66.8088 46.941 65.5941 53.6505 62.5119 59.8222 60.1217 46.7366 37.9749 60.1538 69.5576 59.0344 41.2497 33.6081 52.3652 33.5877 51.939 64.4693 49.4738 49.2018 

Cluster 19
Cluster values: 33.5099 49.8586 66.2694 33.6812 66.2267 58.221 43.0217 40.7624 59.8435 42.3253 52.8309 66.9769 39.4432 52.1266 66.6525 47.2415 42.1234 38.1502 70.9796 54.9616 40.958 65.5159 54.9103 54.6357 41.0885 

Cluster 20
Cluster values: 42.9926 64.4651 62.9987 30.5766 40.2091 60.15 49.608 40.5034 65.4822 47.5276 61.2313 32.8709 54.5056 67.3036 56.501 65.3588 56.1945 57.4594 43.7359 43.4801 45.0872 34.9768 39.93 38.824 65.3989 

TOTAL EXECUTION TIME = 9315460 µs
TIME PHASE 1 = 16 µs
TIME PHASE 2 = 9315443 µs
B-PARALLEL, AVERAGE TIME PER ITERATION = 17444.6 µs
PHASE 2 THROUGHPUT = 5.73242e+06 points per second
PHASE 2 LATENCY = 0.174446 µs per point
b-parallel Execution Completed!
